22333423223423234442313331432213
44411223434322333241111443431214
31323311344144344333314422122311
32411113121234431432344334313433
33441312343331213132131344223244
32141243442412231243121222131341
43331122234131434211132423232333
14132211113431232311233111232113
33212212112121323443431314313432
32412114132231134242231231321421
33441233212213424413124431134341
21244331114332233334242332214441
14314131322122232123424213314314
32112342121433144231212313433332
14411222124343123343343311313344
33213343311311444121244343433214
34341221332424343333412114444442
34423123412422132331334231231331
43141124312341242441411433214134
11214124322134332433321132234442
12142222343344341431223411434132
41121441314114312241322321222113
41414114334431322213141334231444
42344313231212334312334433113432
44421434143122234434114334134242
41414333214122334143242441124333
24223231433332212124224133141233
21224424343321234313444211243433
21431334212411313434111131214442
43144243243443124333432211213142
13422423311341143333134222222341
41242313211222231344331122444131
42214442331434334114342411111241
41111214242313422344441343134121
11421121433434113344313313243222
33141243443211113221444243344333
31212231334444314314331412433143
24231141331144243222344343332211
42241441234124421121233431432141
44111143421142342124242314233342
31233241231234332124344243434122
22131334221431232211413234133333
12124422221224113231321144434112
31223321242231242113121224214113
23231244242341242111112112121213
14312414234241212342232111241233
44422133111123114132321134312241
24214221311311423432344131331222
11214412441331433222441243433423
12124132131323423423142341321342
44314434234143334341112434233144
12431223444324223443244242212244
13412341444244122223121334134243
23131322233411134434124312333222
11212331234212124211142343143223
41241121342424413344212442241243
22144124142122114314322312123311
22121411443113432414312211232341
32222124242333242223134411212423
21121342313214313111232144312313
31423432331213131324142424342344
12431131334221124343213312214242
42313412312324322123312334232422
32443124133112122434241131243421
44134132341314413222234433441312
11211233243243142223143231131241
43141241224124211332423433111214
12434234342132213123133444441121
32142223242244114442234414311141
34342122412142412312131212434413
32141331334222233441332111421421
41123411333242314322331113342123
33112312234443434424334434422213
12312133211312212232124222123433
44412124431224231413413242244221
34234124121442314344123343411214
44424121111131442211441221133342
43141312434324111334231313241313
41342213334244412213444222413241
41121313132431232122131234432311
1342211321223111