32223442124314332113321142142234
14313231243314412123134214344211
13423231422112331444243234333423
23344331333112331242434332223132
22132221431212333332343221234211
32432432241143443443233322133423
44241114413211243123221114344413
22321242334242211142123324322341
13414211434423414113214311423111
42133233343133241243212343333131
44314231142443432442423132213123
12424333424431424333132434321441
12421413321112212231424241211223
21241434214332221111224412143443
11223241124132221413443134113334
24231213231114313221121342311213
41142423444242434344444234422411
12132441411434432132143132142311
42214231121414411341233144324243
43233123431242223223144412141331
41211134111113243122433133331343
11443214242332424333421231421413
22222331444414313144334442211222
12433144122112133311324411312124
33444243431414341243343421311444
22324343323241324221132441323111
22134132444222224221334222133113
44342341242312143314124313344321
24223321432214314434212311212311
11434321134241324412112112121431
41144121134244223133113331234431
24413214211323211324322223443123
41434211332422323221431442113342
24341243312213422344234133212244
41214323442423212143323341131413
32122414233124223413142143133222
22414224324141242422143133434441
12143442234132412432431444134344
31133243334433443333322213341421
23144221411243142113421122342113
12143132434343122313411431331344
14314434413134334314131223411142
43343423421333233344443113422222
24114131224133321243311441331214
22232234334434421121224221433343
23122332342322111321444211433344
11241431333132112233234124222434
31333113421323442411221312221121
12423143232344112241142114442434
22412333321412433113121414314132
13123123133242212432343412434213
13424141333333424422434224111223
21131343144443423443211222144243
21223331333134213124443122443143
42214124243314312414143221133124
21332222214341324141142143132312
44311423333331433433324111423122
33131131122222134224332142412312
14343311324121224442222322141111
11134442121441214124112121432211
42241421114231232133413333323321
34122341224433432341431444123443
33432443211343212232312231211334
34331421134234331111124433423113
32434314231324321243123444433222
33443132112112444434421131214442
44433214331112422133424343214422
11142221221343141214133122321441
41341431242324222434222212433421
21333333322324143122234224112422
32443222222242212223212244243433
34134133333233211222124313343343
33111421333243421432242343124442
33214222232342311214414133212124
14344442422442214211133421241441
23421421434123124213333321114432
41123311413222134112141312134343
24421243321433214242131124343442
33114113234233422241424113423314
22132223243224233342131313113443
44241421332444432112131332244221
41243221124344421124434331444132
23442213123141413211341142341114
14243123322144421212133141433222
11243123342341243222423122142331
43411342231242431421132411131124
42432122322213122213113141242131
13241313322443432122231142214314
42434211332442312234112142111212
4224113124334314224133421231